5.570352090150426250e+01
4.005894957137120116e+01
2.698722517741262550e+01
-3.074262187498267185e+00
3.947821951124753648e-01
-6.882247884925569714e-01
1.159499329844015847e+01
2.993667262803553086e+01
1.406150745175918981e+00
5.047596924862048695e+01
3.269625149743555426e+01
1.705916863171915665e+01
8.799551312133718284e+01
2.983595916780688384e+01
6.148452064755766777e+00
-3.243410388184497606e+01
6.914654598869613089e+00
-1.395612650084856021e+01
1.547564142743404147e+02
-1.823515222601297125e+02
-1.628802915256509038e+02
-6.630416183363435323e+01
1.045983048881011683e+02
7.719452596831405344e+01
-1.652895743300828997e+02
4.629194744042310816e+01
2.736941250819437244e+01
1.131839512785381530e+01
2.837162279594606762e+00
8.034220648167091383e+01
1.135578767270578879e+02
3.988148522918392302e+01
-4.438012070633714501e+01
-3.050623802285184993e+01
-2.837190637779245250e+01
-1.540409047477393756e+02
4.680113083086437342e+01
1.680116438188347843e+02
1.829394111251127413e+02
7.071796213007733911e+01
